time: 48 miliseconds
time: 4.8e-05 seconds
4
(2,2)(4,4)*(0,0)*(0,4)*(4,0)*
time: 120 miliseconds
time: 0.00012 seconds
5
(2,2)(2,4)(4,4)*(4,0)*(0,0)*(0,4)*
time: 427 miliseconds
time: 0.000427 seconds
5
(3,3)(3,6)(6,6)*(6,0)*(0,0)*(0,6)*
time: 66853 miliseconds
time: 0.066853 seconds
7
(3,3)(3,6)(6,6)*(6,0)*(0,0)*(1,1)(0,2)(0,6)*
time: 3235344 miliseconds
time: 3.23534 seconds
8
(6,5)(3,5)(3,3)(6,3)(6,1)(0,1)(0,3)(1,4)(0,5)*
time: 22836981 miliseconds
time: 22.837 seconds
8
(7,7)(7,0)(0,0)(0,7)(5,7)(5,2)(2,2)(2,4)(3,5)*
time: 427082 miliseconds
time: 0.427082 seconds
7
(6,6)(6,0)(4,0)(4,6)(2,6)(2,0)(0,0)(0,6)*
time: 37434734 miliseconds
time: 37.4347 seconds
10
(6,0)(3,0)(3,5)(0,2)*(2,4)(5,4)(6,5)*(5,4)(1,4)(0,5)(1,6)*
time: 256779 miliseconds
time: 0.256779 seconds
9
(6,6)(6,5)(4,3)(4,6)*(4,0)(2,0)(2,6)*(2,4)(0,2)(0,6)*
time: 16502939 miliseconds
time: 16.5029 seconds
10
(6,0)(3,0)(3,5)(0,2)*(2,4)(5,4)(6,5)*(5,4)(1,4)(0,5)(1,6)*
time: 22936724 miliseconds
time: 22.9367 seconds
8
(7,7)(7,0)(0,0)(0,7)(5,7)(5,2)(2,2)(2,4)(3,5)*
time: 276666267 miliseconds
time: 276.666 seconds
12
(6,0)(3,0)(3,5)(0,2)*(3,5)(6,2)*(5,3)(6,4)(6,5)*(5,4)(1,4)(0,5)(1,6)*
